----O----   n   1   2   3   4   0   5   6   7   8
X-O-O----   n   1   9   1   10  1   11  12  13  14
-XO-O----   n   9   2   2   15  2   16  17  18  19
O-X-O----   n   3   20  3   21  3   22  23  24  25
--OXO----   n   10  15  4   4   4   26  27  28  29
--O-OX---   n   11  16  5   26  5   5   30  31  32
O---O-X--   n   6   33  34  35  6   36  6   37  38
--O-O--X-   n   13  33  7   28  7   31  39  7   40
--O-O---X   n   14  19  8   29  8   32  41  40  8
XXO-O-O--   w   9   9   9   9   9   9   9   9   9
X-OXO-O--   w   10  10  10  10  10  10  10  10  10
X-O-OXO--   w   11  11  11  11  11  11  11  11  11
X-OOO-X--   n   12  42  12  12  12  43  12  44  45
X-O-O-OX-   w   13  13  13  13  13  13  13  13  13
X-O-O-O-X   w   14  14  14  14  14  14  14  14  14
-XOXO-O--   w   15  15  15  15  15  15  15  15  15
-XO-OXO--   w   16  16  16  16  16  16  16  16  16
-XO-O-X-O   n   46  17  17  47  17  48  17  49  17
-XO-O-OX-   w   18  18  18  18  18  18  18  18  18
-XO-O-O-X   w   19  19  19  19  19  19  19  19  19
OXX-O---O   w   20  20  20  20  20  20  20  20  20
O-XXO---O   w   21  21  21  21  21  21  21  21  21
O-X-OX--O   w   22  22  22  22  22  22  22  22  22
O-X-O-X-O   w   23  23  23  23  23  23  23  23  23
O-X-O--XO   w   24  24  24  24  24  24  24  24  24
O-X-OO--X   n   25  50  25  51  25  25  52  53  25
--OXOXO--   w   26  26  26  26  26  26  26  26  26
O-OXO-X--   n   27  47  27  27  27  54  27  55  56
--OXO-OX-   w   28  28  28  28  28  28  28  28  28
--OXO-O-X   w   29  29  29  29  29  29  29  29  29
O-O-OXX--   n   30  48  30  54  30  30  30  57  58
--O-OXOX-   w   31  31  31  31  31  31  31  31  31
--O-OXO-X   w   32  32  32  32  32  32  32  32  32
OX--O-X-O   w   33  33  33  33  33  33  33  33  33
OXX-O-X-O   w   34  34  34  34  34  34  34  34  34
O--XO-X-O   w   35  35  35  35  35  35  35  35  35
O---OXX-O   w   36  36  36  36  36  36  36  36  36
O---O-XXO   w   37  37  37  37  37  37  37  37  37
O---O-XOX   n   38  59  60  61  38  62  38  38  38
--O-O-XXO   n   63  64  39  65  39  57  39  39  39
--O-O-OXX   w   40  40  40  40  40  40  40  40  40
--O-O-XOX   n   66  67  41  68  41  69  41  41  41
XXOOOOX--   w   42  42  42  42  42  42  42  42  42
XOOOOXX--   n   43  43  43  43  43  43  43  70  71
X-OOOOXX-   w   44  44  44  44  44  44  44  44  44
X-OOOOX-X   w   45  45  45  45  45  45  45  45  45
XXO-OOX-O   w   46  46  46  46  46  46  46  46  46
OXOXO-X-O   w   47  47  47  47  47  47  47  47  47
OXO-OXX-O   w   48  48  48  48  48  48  48  48  48
OXO-O-XXO   w   49  49  49  49  49  49  49  49  49
OXXOOO--X   w   50  50  50  50  50  50  50  50  50
OOXXOO--X   n   51  51  51  51  51  51  72  73  51
O-XOOOX-X   w   52  52  52  52  52  52  52  52  52
O-XOOO-XX   w   53  53  53  53  53  53  53  53  53
O-OXOXX-O   w   54  54  54  54  54  54  54  54  54
O-OXO-XXO   w   55  55  55  55  55  55  55  55  55
OOOXO-X-X   w   56  56  56  56  56  56  56  56  56
O-O-OXXXO   w   57  57  57  57  57  57  57  57  57
OOO-OXX-X   w   58  58  58  58  58  58  58  58  58
OX-OO-XOX   n   59  59  74  59  59  75  59  59  59
OOX-O-XOX   w   60  60  60  60  60  60  60  60  60
OO-XO-XOX   w   61  61  61  61  61  61  61  61  61
OO--OXXOX   w   62  62  62  62  62  62  62  62  62
X-O-OOXXO   w   63  63  63  63  63  63  63  63  63
-XO-OOXXO   w   64  64  64  64  64  64  64  64  64
--OXOOXXO   w   65  65  65  65  65  65  65  65  65
XOO-O-XOX   w   66  66  66  66  66  66  66  66  66
-XOOO-XOX   n   76  67  67  67  67  75  67  67  67
-OOXO-XOX   w   68  68  68  68  68  68  68  68  68
-OO-OXXOX   w   69  69  69  69  69  69  69  69  69
XOOOOXXXO   d   70  70  70  70  70  70  70  70  70
XOOOOXXOX   w   71  71  71  71  71  71  71  71  71
OOXXOOXOX   w   72  72  72  72  72  72  72  72  72
OOXXOOOXX   d   73  73  73  73  73  73  73  73  73
OXXOOOXOX   w   74  74  74  74  74  74  74  74  74
OXOOOXXOX   d   75  75  75  75  75  75  75  75  75
XXOOOOXOX   w   76  76  76  76  76  76  76  76  76
s.