---------   n   1   1   1   1   1   1   1   1   1
O---X----   n   1   2   3   4   1   5   6   7   8
OX--X--O-   n   2   2   18  9   2   10  11  2   12
O-X-X-O--   n   3   13  3   14  3   15  3   16  17
O--XXO---   n   4   9   14  4   4   4   19  20  21
O--OXX---   n   5   22  15  5   5   5   23  24  25
O-O-X-X--   n   6   11  6   26  6   27  6   28  29
OO--X--X-   n   7   7   30  31  7   32  28  7   33
O-O-X---X   n   8   34  8   35  8   36  29  33  8
OX-XXO-O-   n   9   9   37  9   9   9   38  9   39
OX-OXX-O-   n   10  10  40  10  10  10  41  10  42
OXO-X-XO-   n   11  11  11  38  11  43  11  11  44
OX--X-OOX   n   12  12  45  46  12  47  12  12  12
OXXOX-O--   w   13  13  13  13  13  13  13  13  13
O-XXXOO--   n   14  37  14  14  14  14  14  48  49
O-XOXXO--   w   15  15  15  15  15  15  15  15  15
O-XOX-OX-   w   16  16  16  16  16  16  16  16  16
O-XOX-O-X   w   17  17  17  17  17  17  17  17  17
OXX-X-OO-   n   18  18  18  37  18  40  18  18  45
O-OXXOX--   n   19  50  19  19  19  19  19  51  52
OO-XXO-X-   n   20  20  48  20  20  20  53  20  54
O-OXXO--X   n   21  39  21  21  21  21  55  54  21
OX-OXXO--   w   22  22  22  22  22  22  22  22  22
O-OOXXX--   n   23  41  23  23  23  23  23  56  57
O--OXXOX-   w   24  24  24  24  24  24  24  24  24
O--OXXO-X   w   25  25  25  25  25  25  25  25  25
OOOXX-X--   w   26  26  26  26  26  26  26  26  26
OOO-XXX--   w   27  27  27  27  27  27  27  27  27
OOO-X-XX-   w   28  28  28  28  28  28  28  28  28
OOO-X-X-X   w   29  29  29  29  29  29  29  29  29
OOX-X-OX-   n   30  30  30  48  30  58  30  30  59
OOOXX--X-   w   31  31  31  31  31  31  31  31  31
OOO-XX-X-   w   32  32  32  32  32  32  32  32  32
OOO-X--XX   w   33  33  33  33  33  33  33  33  33
OXO-X--OX   n   34  34  34  39  34  60  61  34  34
OOOXX---X   w   35  35  35  35  35  35  35  35  35
OOO-XX--X   w   36  36  36  36  36  36  36  36  36
OXXXXOOO-   n   37  37  37  37  37  37  37  37  62
OXOXXOXO-   n   38  38  38  38  38  38  38  38  63
OXOXXO-OX   n   39  39  39  39  39  39  63  39  39
OXXOXXOO-   w   40  40  40  40  40  40  40  40  40
OXOOXXXO-   n   41  41  41  41  41  41  41  41  64
OX-OXXOXX   w   42  42  42  42  42  42  42  42  42
OXOOXOXO-   n   43  43  43  43  43  43  43  43  65
OXOOX-XOX   n   44  44  44  44  44  64  44  44  44
OXXOX-OOX   w   45  45  45  45  45  45  45  45  45
OX-XXOOOX   n   46  46  62  46  46  46  46  46  46
OX-OXXOOX   w   47  47  47  47  47  47  47  47  47
OOXXXOOX-   n   48  48  48  48  48  48  48  48  66
OOXXXOO-X   n   49  49  49  49  49  49  49  66  49
OXOXXOX-O   w   50  50  50  50  50  50  50  50  50
O-OXXOXXO   w   51  51  51  51  51  51  51  51  51
O-OXXOXOX   n   52  63  52  52  52  52  52  52  52
OOOXXOXX-   w   53  53  53  53  53  53  53  53  53
OOOXXO-XX   w   54  54  54  54  54  54  54  54  54
OOOXXOX-X   w   55  55  55  55  55  55  55  55  55
OOOOXXXX-   w   56  56  56  56  56  56  56  56  56
OOOOXXX-X   w   57  57  57  57  57  57  57  57  57
OOXOXXOX-   w   58  58  58  58  58  58  58  58  58
OOXOX-OXX   w   59  59  59  59  59  59  59  59  59
OXOOXX-OX   n   60  60  60  60  60  60  64  60  60
OXO-XOXOX   n   61  61  61  63  61  61  61  61  61
OXXXXOOOX   d   62  62  62  62  62  62  62  62  62
OXOXXOXOX   d   63  63  63  63  63  63  63  63  63
OXOOXXXOX   d   64  64  64  64  64  64  64  64  64
OXOOXOXOX   d   65  65  65  65  65  65  65  65  65
OOXXXOOXX   d   66  66  66  66  66  66  66  66  66
s.